###############################################################################
###############################################################################

RK45 RESULTS

Tolerance:	1e-05 * y_n

###############################################################################
###############################################################################

t	, y(t)	, Δt	, LTE
0.000000, 1.000000, 0.500000, 0.000000
0.053111, 1.006738, 0.053111, 0.000010
0.091283, 1.013346, 0.038172, 0.000010
0.122896, 1.019939, 0.031613, 0.000010
0.150575, 1.026544, 0.027679, 0.000010
0.175559, 1.033172, 0.024984, 0.000010
0.198552, 1.039831, 0.022993, 0.000010
0.219999, 1.046524, 0.021447, 0.000010
0.240202, 1.053253, 0.020203, 0.000010
0.259378, 1.060019, 0.019176, 0.000010
0.277689, 1.066824, 0.018311, 0.000011
0.295260, 1.073670, 0.017571, 0.000011
0.312188, 1.080556, 0.016928, 0.000011
0.328553, 1.087484, 0.016365, 0.000011
0.344420, 1.094453, 0.015867, 0.000011
0.359842, 1.101466, 0.015422, 0.000011
0.374866, 1.108521, 0.015023, 0.000011
0.389528, 1.115620, 0.014663, 0.000011
0.403864, 1.122764, 0.014335, 0.000011
0.417901, 1.129951, 0.014037, 0.000011
0.431664, 1.137184, 0.013764, 0.000011
0.445177, 1.144461, 0.013513, 0.000011
0.458458, 1.151785, 0.013281, 0.000011
0.471525, 1.159154, 0.013067, 0.000011
0.484394, 1.166569, 0.012869, 0.000012
0.497078, 1.174032, 0.012684, 0.000012
0.509591, 1.181541, 0.012513, 0.000012
0.521943, 1.189097, 0.012353, 0.000012
0.534147, 1.196702, 0.012203, 0.000012
0.546210, 1.204354, 0.012063, 0.000012
0.558142, 1.212054, 0.011932, 0.000012
0.569952, 1.219804, 0.011809, 0.000012
0.581646, 1.227602, 0.011694, 0.000012
0.593232, 1.235450, 0.011586, 0.000012
0.604715, 1.243348, 0.011483, 0.000012
0.616102, 1.251295, 0.011387, 0.000012
0.627399, 1.259293, 0.011297, 0.000012
0.638611, 1.267342, 0.011211, 0.000013
0.649742, 1.275442, 0.011131, 0.000013
0.660797, 1.283593, 0.011055, 0.000013
0.671780, 1.291796, 0.010984, 0.000013
0.682696, 1.300051, 0.010916, 0.000013
0.693549, 1.308358, 0.010852, 0.000013
0.704341, 1.316718, 0.010792, 0.000013
0.715076, 1.325132, 0.010735, 0.000013
0.725758, 1.333599, 0.010682, 0.000013
0.736390, 1.342119, 0.010632, 0.000013
0.746974, 1.350694, 0.010584, 0.000013
0.757513, 1.359323, 0.010539, 0.000013
0.768010, 1.368008, 0.010497, 0.000014
0.778468, 1.376747, 0.010458, 0.000014
0.788889, 1.385542, 0.010421, 0.000014
0.799275, 1.394393, 0.010386, 0.000014
0.809628, 1.403301, 0.010353, 0.000014
0.819951, 1.412265, 0.010323, 0.000014
0.830246, 1.421286, 0.010295, 0.000014
0.840514, 1.430364, 0.010268, 0.000014
0.850758, 1.439500, 0.010244, 0.000014
0.860979, 1.448695, 0.010221, 0.000014
0.871179, 1.457948, 0.010200, 0.000014
0.881361, 1.467260, 0.010181, 0.000015
0.891524, 1.476631, 0.010164, 0.000015
0.901672, 1.486062, 0.010148, 0.000015
0.911806, 1.495553, 0.010134, 0.000015
0.921927, 1.505104, 0.010121, 0.000015
0.932036, 1.514716, 0.010110, 0.000015
0.942136, 1.524390, 0.010100, 0.000015
0.952227, 1.534125, 0.010091, 0.000015
0.962312, 1.543922, 0.010084, 0.000015
0.972390, 1.553781, 0.010078, 0.000015
0.982464, 1.563703, 0.010074, 0.000015
0.992535, 1.573689, 0.010071, 0.000016
1.002604, 1.583738, 0.010069, 0.000016
1.012672, 1.593851, 0.010068, 0.000016
1.022740, 1.604028, 0.010068, 0.000016
1.032809, 1.614268, 0.010069, 0.000016
1.042879, 1.624571, 0.010070, 0.000016
1.052950, 1.634936, 0.010071, 0.000016
1.063024, 1.645364, 0.010073, 0.000016
1.073100, 1.655853, 0.010077, 0.000016
1.083181, 1.666405, 0.010080, 0.000016
1.093266, 1.677020, 0.010085, 0.000017
1.103357, 1.687697, 0.010091, 0.000017
1.113455, 1.698437, 0.010098, 0.000017
1.123560, 1.709239, 0.010105, 0.000017
1.133674, 1.720105, 0.010114, 0.000017
1.143798, 1.731035, 0.010124, 0.000017
1.153932, 1.742029, 0.010134, 0.000017
1.164078, 1.753087, 0.010146, 0.000017
1.174236, 1.764210, 0.010158, 0.000017
1.184408, 1.775397, 0.010172, 0.000017
1.194595, 1.786650, 0.010187, 0.000018
1.204797, 1.797969, 0.010202, 0.000018
1.215016, 1.809355, 0.010219, 0.000018
1.225252, 1.820806, 0.010236, 0.000018
1.235508, 1.832325, 0.010255, 0.000018
1.245782, 1.843911, 0.010275, 0.000018
1.256077, 1.855565, 0.010295, 0.000018
1.266394, 1.867287, 0.010317, 0.000018
1.276733, 1.879078, 0.010339, 0.000018
1.287095, 1.890937, 0.010363, 0.000018
1.297482, 1.902866, 0.010387, 0.000019
1.307895, 1.914865, 0.010413, 0.000019
1.318334, 1.926933, 0.010439, 0.000019
1.328800, 1.939073, 0.010466, 0.000019
1.339295, 1.951283, 0.010495, 0.000019
1.349820, 1.963565, 0.010524, 0.000019
1.360374, 1.975918, 0.010555, 0.000019
1.370961, 1.988343, 0.010586, 0.000019
1.381579, 2.000841, 0.010619, 0.000019
1.392232, 2.013412, 0.010652, 0.000020
1.402918, 2.026057, 0.010687, 0.000020
1.413641, 2.038774, 0.010722, 0.000020
1.424400, 2.051566, 0.010759, 0.000020
1.435197, 2.064433, 0.010797, 0.000020
1.446032, 2.077374, 0.010836, 0.000020
1.456908, 2.090391, 0.010876, 0.000020
1.467825, 2.103483, 0.010917, 0.000020
1.478784, 2.116651, 0.010959, 0.000021
1.489786, 2.129896, 0.011002, 0.000021
1.500832, 2.143218, 0.011047, 0.000021
1.511925, 2.156616, 0.011092, 0.000021
1.523064, 2.170092, 0.011139, 0.000021
1.534251, 2.183646, 0.011187, 0.000021
1.545487, 2.197278, 0.011236, 0.000021
1.556774, 2.210989, 0.011287, 0.000021
1.568113, 2.224779, 0.011339, 0.000022
1.579505, 2.238648, 0.011392, 0.000022
1.590951, 2.252597, 0.011446, 0.000022
1.602454, 2.266626, 0.011502, 0.000022
1.614013, 2.280735, 0.011559, 0.000022
1.625631, 2.294925, 0.011618, 0.000022
1.637309, 2.309196, 0.011678, 0.000022
1.649049, 2.323549, 0.011740, 0.000022
1.660851, 2.337983, 0.011803, 0.000023
1.672718, 2.352499, 0.011867, 0.000023
1.684652, 2.367098, 0.011933, 0.000023
1.696653, 2.381779, 0.012001, 0.000023
1.708724, 2.396544, 0.012071, 0.000023
1.720866, 2.411391, 0.012142, 0.000023
1.733081, 2.426322, 0.012215, 0.000023
1.745370, 2.441337, 0.012290, 0.000023
1.757737, 2.456436, 0.012366, 0.000024
1.770182, 2.471620, 0.012445, 0.000024
1.782707, 2.486888, 0.012525, 0.000024
1.795315, 2.502241, 0.012608, 0.000024
1.808008, 2.517679, 0.012693, 0.000024
1.820787, 2.533202, 0.012779, 0.000024
1.833655, 2.548811, 0.012868, 0.000024
1.846615, 2.564506, 0.012960, 0.000024
1.859669, 2.580286, 0.013053, 0.000025
1.872818, 2.596153, 0.013150, 0.000025
1.886067, 2.612106, 0.013248, 0.000025
1.899417, 2.628145, 0.013350, 0.000025
1.912870, 2.644270, 0.013454, 0.000025
1.926431, 2.660482, 0.013561, 0.000025
1.940102, 2.676781, 0.013671, 0.000025
1.953885, 2.693166, 0.013783, 0.000026
1.967785, 2.709638, 0.013900, 0.000026
1.981804, 2.726197, 0.014019, 0.000026
1.995945, 2.742842, 0.014142, 0.000026
2.010213, 2.759574, 0.014268, 0.000026
2.024611, 2.776392, 0.014398, 0.000026
2.039143, 2.793296, 0.014532, 0.000026
2.053814, 2.810287, 0.014670, 0.000027
2.068626, 2.827364, 0.014812, 0.000027
2.083585, 2.844526, 0.014959, 0.000027
2.098696, 2.861774, 0.015110, 0.000027
2.113962, 2.879107, 0.015267, 0.000027
2.129390, 2.896524, 0.015428, 0.000027
2.144985, 2.914026, 0.015595, 0.000027
2.160752, 2.931611, 0.015767, 0.000027
2.176697, 2.949279, 0.015945, 0.000028
2.192827, 2.967030, 0.016130, 0.000028
2.209148, 2.984863, 0.016321, 0.000028
2.225668, 3.002776, 0.016519, 0.000028
2.242392, 3.020770, 0.016725, 0.000028
2.259330, 3.038842, 0.016938, 0.000028
2.276490, 3.056992, 0.017160, 0.000028
2.293880, 3.075218, 0.017390, 0.000028
2.311510, 3.093520, 0.017630, 0.000029
2.329389, 3.111895, 0.017880, 0.000029
2.347529, 3.130342, 0.018140, 0.000029
2.365941, 3.148858, 0.018412, 0.000029
2.384637, 3.167443, 0.018696, 0.000029
2.403629, 3.186093, 0.018993, 0.000029
2.422933, 3.204806, 0.019304, 0.000029
2.442564, 3.223579, 0.019630, 0.000029
2.462537, 3.242409, 0.019973, 0.000029
2.482871, 3.261292, 0.020334, 0.000030
2.503584, 3.280225, 0.020714, 0.000030
2.524699, 3.299203, 0.021114, 0.000030
2.546237, 3.318221, 0.021538, 0.000030
2.568224, 3.337274, 0.021987, 0.000030
2.590688, 3.356357, 0.022464, 0.000030
2.613659, 3.375461, 0.022971, 0.000030
2.637172, 3.394579, 0.023512, 0.000030
2.661262, 3.413704, 0.024091, 0.000030
2.685974, 3.432824, 0.024712, 0.000030
2.711354, 3.451929, 0.025380, 0.000030
2.737455, 3.471006, 0.026101, 0.000030
2.764338, 3.490040, 0.026883, 0.000030
2.792073, 3.509014, 0.027735, 0.000030
2.820740, 3.527908, 0.028667, 0.000030
2.850433, 3.546698, 0.029693, 0.000029
2.881261, 3.565357, 0.030828, 0.000029
2.913355, 3.583852, 0.032094, 0.000029
2.946871, 3.602142, 0.033516, 0.000029
2.982001, 3.620179, 0.035130, 0.000028
3.018983, 3.637901, 0.036982, 0.000028
3.058118, 3.655230, 0.039135, 0.000027
3.099797, 3.672067, 0.041679, 0.000027
3.144547, 3.688280, 0.044750, 0.000026
3.193102, 3.703687, 0.048555, 0.000024
3.246545, 3.718030, 0.053443, 0.000023
3.306604, 3.730920, 0.060059, 0.000021
3.376392, 3.741723, 0.069788, 0.000018
3.462959, 3.749275, 0.086567, 0.000013
3.599240, 3.750881, 0.136281, 0.000004
3.748226, 3.733553, 0.148986, -0.000024
3.852177, 3.708651, 0.103951, -0.000037
3.929989, 3.684420, 0.077813, -0.000037
3.995518, 3.660532, 0.065529, -0.000037
4.053505, 3.636897, 0.057987, -0.000036
4.106268, 3.613474, 0.052763, -0.000036
4.155149, 3.590243, 0.048881, -0.000036
4.201009, 3.567191, 0.045860, -0.000036
4.244440, 3.544310, 0.043432, -0.000035
4.285873, 3.521593, 0.041433, -0.000035
4.325631, 3.499036, 0.039758, -0.000035
4.363966, 3.476635, 0.038334, -0.000035
4.401077, 3.454388, 0.037111, -0.000035
4.437128, 3.432292, 0.036051, -0.000034
4.472255, 3.410345, 0.035127, -0.000034
4.506573, 3.388544, 0.034318, -0.000034
4.540180, 3.366889, 0.033606, -0.000034
4.573160, 3.345378, 0.032981, -0.000034
4.605590, 3.324009, 0.032430, -0.000033
4.637536, 3.302781, 0.031946, -0.000033
4.669058, 3.281693, 0.031522, -0.000033
4.700211, 3.260744, 0.031154, -0.000033
4.731047, 3.239932, 0.030836, -0.000032
4.761613, 3.219257, 0.030566, -0.000032
4.791953, 3.198717, 0.030340, -0.000032
4.822110, 3.178311, 0.030157, -0.000032
4.852126, 3.158040, 0.030016, -0.000032
4.882041, 3.137900, 0.029915, -0.000031
4.911894, 3.117893, 0.029854, -0.000031
4.941727, 3.098016, 0.029833, -0.000031
4.971563, 3.078283, 0.029837, -0.000031
5.001415, 3.058716, 0.029852, -0.000031
5.031301, 3.039336, 0.029885, -0.000030
5.061243, 3.020156, 0.029942, -0.000030
5.091269, 3.001189, 0.030027, -0.000030
5.121413, 2.982447, 0.030144, -0.000029
5.151711, 2.963937, 0.030298, -0.000029
5.182204, 2.945668, 0.030493, -0.000029
5.212938, 2.927648, 0.030735, -0.000028
5.243966, 2.909885, 0.031027, -0.000028
5.275343, 2.892389, 0.031378, -0.000027
5.307136, 2.875169, 0.031793, -0.000027
5.339417, 2.858237, 0.032281, -0.000027
5.372270, 2.841606, 0.032853, -0.000026
5.405793, 2.825294, 0.033523, -0.000026
5.440100, 2.809321, 0.034307, -0.000025
5.475327, 2.793711, 0.035227, -0.000024
5.511638, 2.778497, 0.036311, -0.000024
5.549237, 2.763720, 0.037599, -0.000023
5.588382, 2.749430, 0.039145, -0.000022
5.629406, 2.735699, 0.041024, -0.000022
5.672759, 2.722619, 0.043353, -0.000021
5.719072, 2.710322, 0.046312, -0.000019
5.769280, 2.699000, 0.050209, -0.000018
5.824900, 2.688952, 0.055620, -0.000016
5.888722, 2.680676, 0.063822, -0.000013
5.967372, 2.675134, 0.078650, -0.000009
6.101588, 2.674704, 0.134216, -0.000002
6.228554, 2.693816, 0.126966, 0.000027
6.299580, 2.711652, 0.071025, 0.000027
6.355543, 2.729357, 0.055963, 0.000027
6.403417, 2.747068, 0.047874, 0.000027
6.446048, 2.764830, 0.042631, 0.000027
6.484935, 2.782665, 0.038887, 0.000028
6.520983, 2.800586, 0.036048, 0.000028
6.554788, 2.818601, 0.033806, 0.000028
6.586769, 2.836715, 0.031981, 0.000028
6.617232, 2.854931, 0.030462, 0.000028
6.646407, 2.873254, 0.029176, 0.000028
6.674477, 2.891684, 0.028070, 0.000029
6.701585, 2.910225, 0.027108, 0.000029
6.727850, 2.928878, 0.026264, 0.000029
6.753367, 2.947645, 0.025517, 0.000029
6.778218, 2.966526, 0.024851, 0.000029
6.802472, 2.985524, 0.024254, 0.000030
6.826188, 3.004639, 0.023716, 0.000030
6.849417, 3.023873, 0.023229, 0.000030
6.872202, 3.043226, 0.022786, 0.000030
6.894584, 3.062701, 0.022382, 0.000030
6.916596, 3.082297, 0.022012, 0.000030
6.938270, 3.102015, 0.021674, 0.000031
6.959633, 3.121858, 0.021363, 0.000031
6.980709, 3.141825, 0.021076, 0.000031
7.001521, 3.161917, 0.020812, 0.000031
7.022089, 3.182137, 0.020568, 0.000031
7.042432, 3.202483, 0.020343, 0.000032
7.062566, 3.222958, 0.020135, 0.000032
7.082508, 3.243562, 0.019942, 0.000032
7.102272, 3.264296, 0.019763, 0.000032
7.121870, 3.285161, 0.019598, 0.000032
7.141316, 3.306159, 0.019446, 0.000033
7.160620, 3.327289, 0.019305, 0.000033
7.179795, 3.348552, 0.019174, 0.000033
7.198849, 3.369951, 0.019054, 0.000033
7.217792, 3.391485, 0.018943, 0.000034
7.236633, 3.413155, 0.018841, 0.000034
7.255381, 3.434963, 0.018748, 0.000034
7.274044, 3.456909, 0.018663, 0.000034
7.292629, 3.478994, 0.018585, 0.000034
7.311143, 3.501219, 0.018514, 0.000035
7.329594, 3.523585, 0.018451, 0.000035
7.347988, 3.546093, 0.018394, 0.000035
7.366332, 3.568744, 0.018343, 0.000035
7.384630, 3.591539, 0.018299, 0.000036
7.402891, 3.614478, 0.018260, 0.000036
7.421118, 3.637563, 0.018227, 0.000036
7.439318, 3.660795, 0.018200, 0.000036
7.457497, 3.684174, 0.018178, 0.000036
7.475658, 3.707701, 0.018161, 0.000037
7.493808, 3.731378, 0.018150, 0.000037
7.511951, 3.755206, 0.018143, 0.000037
7.530092, 3.779185, 0.018141, 0.000037
7.548234, 3.803312, 0.018142, 0.000038
7.566378, 3.827583, 0.018144, 0.000038
7.584526, 3.851994, 0.018148, 0.000038
7.602680, 3.876543, 0.018155, 0.000038
7.620844, 3.901227, 0.018164, 0.000038
7.639021, 3.926046, 0.018177, 0.000039
7.657215, 3.950998, 0.018193, 0.000039
7.675428, 3.976082, 0.018213, 0.000039
7.693665, 4.001299, 0.018237, 0.000039
7.711930, 4.026648, 0.018265, 0.000040
7.730226, 4.052129, 0.018296, 0.000040
7.748559, 4.077743, 0.018332, 0.000040
7.766931, 4.103489, 0.018372, 0.000040
7.785347, 4.129368, 0.018416, 0.000040
7.803812, 4.155381, 0.018465, 0.000041
7.822329, 4.181527, 0.018517, 0.000041
7.840904, 4.207807, 0.018574, 0.000041
7.859540, 4.234221, 0.018636, 0.000041
7.878241, 4.260770, 0.018702, 0.000041
7.897014, 4.287454, 0.018772, 0.000042
7.915861, 4.314274, 0.018847, 0.000042
7.934788, 4.341230, 0.018927, 0.000042
7.953799, 4.368322, 0.019011, 0.000042
7.972900, 4.395550, 0.019101, 0.000042
7.992095, 4.422915, 0.019195, 0.000043
8.011389, 4.450416, 0.019294, 0.000043
8.030787, 4.478055, 0.019398, 0.000043
8.050295, 4.505830, 0.019508, 0.000043
8.069919, 4.533743, 0.019623, 0.000044
8.089663, 4.561792, 0.019744, 0.000044
8.109533, 4.589978, 0.019871, 0.000044
8.129537, 4.618301, 0.020003, 0.000044
8.149679, 4.646761, 0.020142, 0.000044
8.169965, 4.675356, 0.020287, 0.000045
8.190404, 4.704087, 0.020439, 0.000045
8.211001, 4.732954, 0.020597, 0.000045
8.231764, 4.761955, 0.020763, 0.000045
8.252700, 4.791090, 0.020936, 0.000045
8.273816, 4.820359, 0.021117, 0.000046
8.295122, 4.849759, 0.021306, 0.000046
8.316625, 4.879291, 0.021503, 0.000046
8.338334, 4.908953, 0.021709, 0.000046
8.360260, 4.938743, 0.021925, 0.000046
8.382410, 4.968661, 0.022151, 0.000047
8.404797, 4.998704, 0.022387, 0.000047
8.427430, 5.028872, 0.022634, 0.000047
8.450322, 5.059160, 0.022892, 0.000047
8.473485, 5.089568, 0.023163, 0.000047
8.496931, 5.120094, 0.023446, 0.000048
8.520675, 5.150733, 0.023744, 0.000048
8.544732, 5.181483, 0.024056, 0.000048
8.569116, 5.212340, 0.024384, 0.000048
8.593845, 5.243302, 0.024729, 0.000048
8.618938, 5.274362, 0.025092, 0.000049
8.644412, 5.305518, 0.025475, 0.000049
8.670291, 5.336764, 0.025878, 0.000049
8.696595, 5.368093, 0.026304, 0.000049
8.723350, 5.399501, 0.026755, 0.000049
8.750581, 5.430979, 0.027232, 0.000049
8.778319, 5.462520, 0.027738, 0.000049
8.806595, 5.494115, 0.028276, 0.000049
8.835444, 5.525754, 0.028849, 0.000049
8.864904, 5.557428, 0.029460, 0.000050
8.895017, 5.589122, 0.030113, 0.000050
8.925830, 5.620824, 0.030813, 0.000050
8.957396, 5.652517, 0.031566, 0.000050
8.989773, 5.684185, 0.032377, 0.000050
9.023028, 5.715807, 0.033255, 0.000049
9.057235, 5.747360, 0.034207, 0.000049
9.092479, 5.778817, 0.035245, 0.000049
9.128860, 5.810148, 0.036380, 0.000049
9.166489, 5.841316, 0.037629, 0.000049
9.205500, 5.872280, 0.039011, 0.000049
9.246049, 5.902990, 0.040549, 0.000048
9.288322, 5.933386, 0.042273, 0.000048
9.332545, 5.963396, 0.044223, 0.000047
9.378994, 5.992932, 0.046449, 0.000046
9.428015, 6.021884, 0.049021, 0.000046
9.480049, 6.050114, 0.052034, 0.000044
9.535676, 6.077443, 0.055626, 0.000043
9.595678, 6.103634, 0.060002, 0.000041
9.661164, 6.128361, 0.065486, 0.000039
9.733797, 6.151161, 0.072633, 0.000036
9.816287, 6.171333, 0.082490, 0.000032
9.913703, 6.187728, 0.097416, 0.000027
10.038459, 6.198196, 0.124756, 0.000018
10.310320, 6.197519, 0.271861, 0.000001
10.507553, 6.155385, 0.197233, -0.000062
10.642202, 6.115189, 0.134649, -0.000061
10.756267, 6.075687, 0.114066, -0.000061
10.859961, 6.036656, 0.103694, -0.000060
10.957996, 5.998019, 0.098035, -0.000060
11.053284, 5.959744, 0.095288, -0.000060
11.148087, 5.921820, 0.094802, -0.000059
11.243224, 5.884904, 0.095137, -0.000058
11.339443, 5.849735, 0.096219, -0.000055
11.437946, 5.816974, 0.098503, -0.000052
11.540584, 5.787321, 0.102637, -0.000047
11.650378, 5.761699, 0.109794, -0.000041
11.773076, 5.741599, 0.122698, -0.000033
11.923995, 5.730015, 0.150919, -0.000020
12.172207, 5.735537, 0.248212, 0.000005
12.322570, 5.774938, 0.150363, 0.000057
12.421230, 5.813035, 0.098660, 0.000057
12.500565, 5.850948, 0.079335, 0.000058
12.568902, 5.888898, 0.068337, 0.000058
12.629930, 5.926967, 0.061028, 0.000059
12.685670, 5.965197, 0.055740, 0.000059
12.737371, 6.003613, 0.051701, 0.000059
12.785870, 6.042231, 0.048498, 0.000060
12.831757, 6.081061, 0.045887, 0.000060
12.875470, 6.120111, 0.043713, 0.000061
12.917342, 6.159388, 0.041872, 0.000061
12.957635, 6.198896, 0.040293, 0.000061
12.996558, 6.238641, 0.038923, 0.000062
13.034281, 6.278625, 0.037723, 0.000062
13.070946, 6.318852, 0.036665, 0.000062
13.106673, 6.359325, 0.035726, 0.000063
13.141561, 6.400047, 0.034888, 0.000063
13.175698, 6.441020, 0.034137, 0.000064
13.209159, 6.482247, 0.033461, 0.000064
13.242010, 6.523730, 0.032851, 0.000064
13.274309, 6.565471, 0.032299, 0.000065
13.306108, 6.607473, 0.031798, 0.000065
13.337452, 6.649738, 0.031344, 0.000066
13.368382, 6.692267, 0.030931, 0.000066
13.398937, 6.735062, 0.030555, 0.000067
13.429149, 6.778126, 0.030213, 0.000067
13.459051, 6.821461, 0.029902, 0.000067
13.488671, 6.865069, 0.029619, 0.000068
13.518034, 6.908950, 0.029363, 0.000068
13.547166, 6.953109, 0.029132, 0.000069
13.576089, 6.997545, 0.028923, 0.000069
13.604823, 7.042262, 0.028735, 0.000070
13.633390, 7.087261, 0.028567, 0.000070
13.661808, 7.132545, 0.028418, 0.000071
13.690094, 7.178114, 0.028286, 0.000071
13.718265, 7.223971, 0.028171, 0.000071
13.746338, 7.270118, 0.028073, 0.000072
13.774328, 7.316556, 0.027990, 0.000072
13.802249, 7.363289, 0.027921, 0.000073
13.830116, 7.410317, 0.027867, 0.000073
13.857943, 7.457642, 0.027827, 0.000074
13.885743, 7.505267, 0.027800, 0.000074
13.913529, 7.553193, 0.027786, 0.000075
13.941315, 7.601422, 0.027785, 0.000075
13.969102, 7.649936, 0.027788, 0.000076
13.996897, 7.698718, 0.027794, 0.000076
14.024704, 7.747756, 0.027807, 0.000076
14.052531, 7.797041, 0.027827, 0.000077
14.080386, 7.846563, 0.027855, 0.000077
14.108278, 7.896317, 0.027892, 0.000078
14.136217, 7.946300, 0.027939, 0.000078
14.164212, 7.996506, 0.027995, 0.000078
14.192275, 8.046934, 0.028062, 0.000079
14.220415, 8.097581, 0.028140, 0.000079
14.248644, 8.148445, 0.028229, 0.000079
14.276974, 8.199526, 0.028330, 0.000080
14.305416, 8.250821, 0.028442, 0.000080
14.333982, 8.302330, 0.028566, 0.000080
14.362685, 8.354052, 0.028703, 0.000081
14.391536, 8.405985, 0.028852, 0.000081
14.420550, 8.458127, 0.029014, 0.000081
14.449740, 8.510479, 0.029189, 0.000082
14.479118, 8.563037, 0.029379, 0.000082
14.508701, 8.615801, 0.029582, 0.000082
14.538501, 8.668768, 0.029800, 0.000083
14.568535, 8.721936, 0.030034, 0.000083
14.598819, 8.775301, 0.030284, 0.000083
14.629368, 8.828862, 0.030550, 0.000084
14.660202, 8.882615, 0.030833, 0.000084
14.691337, 8.936556, 0.031135, 0.000084
14.722793, 8.990680, 0.031456, 0.000084
14.754590, 9.044983, 0.031797, 0.000085
14.786749, 9.099460, 0.032160, 0.000085
14.819294, 9.154104, 0.032545, 0.000085
14.852249, 9.208910, 0.032954, 0.000086
14.885638, 9.263869, 0.033389, 0.000086
14.919490, 9.318974, 0.033852, 0.000086
14.953833, 9.374216, 0.034344, 0.000086
14.988701, 9.429585, 0.034867, 0.000086
15.024125, 9.485069, 0.035425, 0.000087
15.060144, 9.540658, 0.036019, 0.000087
15.096797, 9.596337, 0.036653, 0.000087
15.134129, 9.652091, 0.037331, 0.000087
15.172185, 9.707903, 0.038057, 0.000087
15.211019, 9.763756, 0.038834, 0.000087
15.250688, 9.819627, 0.039669, 0.000087
15.291255, 9.875495, 0.040567, 0.000087
15.332790, 9.931333, 0.041535, 0.000087
15.375371, 9.987113, 0.042582, 0.000087
15.419087, 10.042800, 0.043716, 0.000087
15.464036, 10.098359, 0.044949, 0.000087
15.510329, 10.153746, 0.046293, 0.000087
15.558093, 10.208916, 0.047765, 0.000086
15.607475, 10.263811, 0.049382, 0.000086
15.658643, 10.318371, 0.051168, 0.000086
15.711793, 10.372522, 0.053150, 0.000085
15.767155, 10.426180, 0.055362, 0.000084
15.825002, 10.479246, 0.057847, 0.000083
15.885661, 10.531606, 0.060659, 0.000082
15.949530, 10.583121, 0.063869, 0.000081
16.017098, 10.633630, 0.067568, 0.000079
16.088978, 10.682933, 0.071880, 0.000078
16.165952, 10.730793, 0.076974, 0.000075
16.249038, 10.776917, 0.083087, 0.000073
16.339602, 10.820943, 0.090564, 0.000070
16.439528, 10.862425, 0.099925, 0.000066
16.551515, 10.900811, 0.111988, 0.000061
16.679610, 10.935442, 0.128095, 0.000055
16.830168, 10.965607, 0.150558, 0.000049
17.013518, 10.990847, 0.183351, 0.000041
17.245025, 11.012226, 0.231507, 0.000034
17.532120, 11.037233, 0.287095, 0.000037
17.841151, 11.090929, 0.309031, 0.000076
18.066794, 11.166217, 0.225644, 0.000110
18.222835, 11.240020, 0.156041, 0.000111
18.346831, 11.313514, 0.123995, 0.000112
18.451896, 11.387060, 0.105065, 0.000113
18.544299, 11.460814, 0.092404, 0.000113
18.627571, 11.534861, 0.083272, 0.000114
18.703914, 11.609251, 0.076343, 0.000115
18.774805, 11.684017, 0.070891, 0.000116
18.841286, 11.759183, 0.066482, 0.000116
18.904125, 11.834766, 0.062839, 0.000117
18.963904, 11.910780, 0.059779, 0.000118
19.021075, 11.987236, 0.057172, 0.000119
19.076001, 12.064142, 0.054926, 0.000119
19.128974, 12.141507, 0.052973, 0.000120
19.180235, 12.219339, 0.051261, 0.000121
19.229986, 12.297642, 0.049751, 0.000122
19.278398, 12.376423, 0.048411, 0.000122
19.325615, 12.455687, 0.047217, 0.000123
19.371763, 12.535439, 0.046149, 0.000124
19.416953, 12.615684, 0.045189, 0.000125
19.461279, 12.696426, 0.044326, 0.000126
19.504827, 12.777669, 0.043548, 0.000126
19.547672, 12.859418, 0.042845, 0.000127
19.589882, 12.941677, 0.042210, 0.000128
19.631519, 13.024450, 0.041636, 0.000129
19.672637, 13.107741, 0.041118, 0.000130
19.713287, 13.191553, 0.040650, 0.000130
19.753515, 13.275891, 0.040228, 0.000131
19.793364, 13.360759, 0.039849, 0.000132
19.832873, 13.446159, 0.039510, 0.000133
19.872080, 13.532096, 0.039207, 0.000134
19.911018, 13.618574, 0.038938, 0.000135
19.949721, 13.705596, 0.038702, 0.000136
19.988218, 13.793165, 0.038497, 0.000136
20.026539, 13.881287, 0.038321, 0.000137
